(kicad_pcb (version 20171130) (host pcbnew "(5.1.5)-3")

  (general
    (thickness 1.6)
    (drawings 11)
    (tracks 95)
    (zones 0)
    (modules 21)
    (nets 18)
  )

  (page A4)
  (layers
    (0 F.Cu signal)
    (31 B.Cu signal)
    (32 B.Adhes user)
    (33 F.Adhes user)
    (34 B.Paste user)
    (35 F.Paste user)
    (36 B.SilkS user)
    (37 F.SilkS user)
    (38 B.Mask user)
    (39 F.Mask user)
    (40 Dwgs.User user)
    (41 Cmts.User user)
    (42 Eco1.User user)
    (43 Eco2.User user)
    (44 Edge.Cuts user)
    (45 Margin user)
    (46 B.CrtYd user)
    (47 F.CrtYd user)
    (48 B.Fab user)
    (49 F.Fab user)
  )

  (setup
    (last_trace_width 0.25)
    (trace_clearance 0.2)
    (zone_clearance 0.508)
    (zone_45_only no)
    (trace_min 0.2)
    (via_size 0.8)
    (via_drill 0.4)
    (via_min_size 0.4)
    (via_min_drill 0.3)
    (uvia_size 0.3)
    (uvia_drill 0.1)
    (uvias_allowed no)
    (uvia_min_size 0.2)
    (uvia_min_drill 0.1)
    (edge_width 0.05)
    (segment_width 0.2)
    (pcb_text_width 0.3)
    (pcb_text_size 1.5 1.5)
    (mod_edge_width 0.12)
    (mod_text_size 1 1)
    (mod_text_width 0.15)
    (pad_size 2 2)
    (pad_drill 1)
    (pad_to_mask_clearance 0.051)
    (solder_mask_min_width 0.25)
    (aux_axis_origin 0 0)
    (visible_elements 7FFFFFFF)
    (pcbplotparams
      (layerselection 0x010fc_ffffffff)
      (usegerberextensions false)
      (usegerberattributes false)
      (usegerberadvancedattributes false)
      (creategerberjobfile false)
      (excludeedgelayer true)
      (linewidth 0.100000)
      (plotframeref false)
      (viasonmask false)
      (mode 1)
      (useauxorigin false)
      (hpglpennumber 1)
      (hpglpenspeed 20)
      (hpglpendiameter 15.000000)
      (psnegative false)
      (psa4output false)
      (plotreference true)
      (plotvalue true)
      (plotinvisibletext false)
      (padsonsilk false)
      (subtractmaskfromsilk false)
      (outputformat 1)
      (mirror false)
      (drillshape 0)
      (scaleselection 1)
      (outputdirectory "Gerber Files_PWR Transducer/"))
  )

  (net 0 "")
  (net 1 "Net-(C1-Pad1)")
  (net 2 Inv-)
  (net 3 VDD1)
  (net 4 +5V)
  (net 5 GND)
  (net 6 "Net-(IC1-Pad6)")
  (net 7 "Net-(IC1-Pad7)")
  (net 8 "Net-(IC2-Pad1)")
  (net 9 HV_Sens)
  (net 10 "Net-(IC2-Pad8)")
  (net 11 Inv+)
  (net 12 High_C_Meas)
  (net 13 Low_C_Meas)
  (net 14 "Net-(PS1-Pad8)")
  (net 15 "Net-(R1-Pad2)")
  (net 16 "Net-(R2-Pad2)")
  (net 17 "Net-(RV1-Pad3)")

  (net_class Default "This is the default net class."
    (clearance 0.2)
    (trace_width 0.25)
    (via_dia 0.8)
    (via_drill 0.4)
    (uvia_dia 0.3)
    (uvia_drill 0.1)
    (add_net +5V)
    (add_net GND)
    (add_net HV_Sens)
    (add_net High_C_Meas)
    (add_net Inv+)
    (add_net Inv-)
    (add_net Low_C_Meas)
    (add_net "Net-(C1-Pad1)")
    (add_net "Net-(IC1-Pad6)")
    (add_net "Net-(IC1-Pad7)")
    (add_net "Net-(IC2-Pad1)")
    (add_net "Net-(IC2-Pad8)")
    (add_net "Net-(PS1-Pad8)")
    (add_net "Net-(R1-Pad2)")
    (add_net "Net-(R2-Pad2)")
    (add_net "Net-(RV1-Pad3)")
    (add_net VDD1)
  )

  (module Potentiometer_THT:Potentiometer_ACP_CA9-H2,5_Horizontal (layer F.Cu) (tedit 5A3D4994) (tstamp 5F117469)
    (at 131.699 71.12 270)
    (descr "Potentiometer, horizontal, ACP CA9-H2,5, http://www.acptechnologies.com/wp-content/uploads/2017/05/02-ACP-CA9-CE9.pdf")
    (tags "Potentiometer horizontal ACP CA9-H2,5")
    (path /5EFF0552/5EFFD1A7)
    (fp_text reference RV1 (at 0 -3.65 90) (layer F.SilkS)
      (effects (font (size 1 1) (thickness 0.15)))
    )
    (fp_text value 100k (at 0 8.65 90) (layer F.Fab)
      (effects (font (size 1 1) (thickness 0.15)))
    )
    (fp_text user %R (at 2.4 2.5 90) (layer F.Fab)
      (effects (font (size 1 1) (thickness 0.15)))
    )
    (fp_line (start 5.05 -2.7) (end -1.45 -2.7) (layer F.CrtYd) (width 0.05))
    (fp_line (start 5.05 7.65) (end 5.05 -2.7) (layer F.CrtYd) (width 0.05))
    (fp_line (start -1.45 7.65) (end 5.05 7.65) (layer F.CrtYd) (width 0.05))
    (fp_line (start -1.45 -2.7) (end -1.45 7.65) (layer F.CrtYd) (width 0.05))
    (fp_line (start 4.92 0.88) (end 4.92 4.12) (layer F.SilkS) (width 0.12))
    (fp_line (start -0.121 1.426) (end -0.121 3.575) (layer F.SilkS) (width 0.12))
    (fp_line (start 1.237 4.12) (end 4.92 4.12) (layer F.SilkS) (width 0.12))
    (fp_line (start 1.237 0.88) (end 4.92 0.88) (layer F.SilkS) (width 0.12))
    (fp_line (start -0.121 1.426) (end -0.121 3.575) (layer F.SilkS) (width 0.12))
    (fp_line (start -0.121 -2.521) (end -0.121 -1.426) (layer F.SilkS) (width 0.12))
    (fp_line (start -0.121 6.425) (end -0.121 7.52) (layer F.SilkS) (width 0.12))
    (fp_line (start 4.92 -2.521) (end 4.92 7.52) (layer F.SilkS) (width 0.12))
    (fp_line (start -0.121 7.52) (end 4.92 7.52) (layer F.SilkS) (width 0.12))
    (fp_line (start -0.121 -2.521) (end 4.92 -2.521) (layer F.SilkS) (width 0.12))
    (fp_line (start 4.8 1) (end 0 1) (layer F.Fab) (width 0.1))
    (fp_line (start 4.8 4) (end 4.8 1) (layer F.Fab) (width 0.1))
    (fp_line (start 0 4) (end 4.8 4) (layer F.Fab) (width 0.1))
    (fp_line (start 0 1) (end 0 4) (layer F.Fab) (width 0.1))
    (fp_line (start 0 -2.4) (end 4.8 -2.4) (layer F.Fab) (width 0.1))
    (fp_line (start 0 7.4) (end 0 -2.4) (layer F.Fab) (width 0.1))
    (fp_line (start 4.8 7.4) (end 0 7.4) (layer F.Fab) (width 0.1))
    (fp_line (start 4.8 -2.4) (end 4.8 7.4) (layer F.Fab) (width 0.1))
    (pad 1 thru_hole circle (at 0 0 270) (size 2.34 2.34) (drill 1.3) (layers *.Cu *.Mask)
      (net 10 "Net-(IC2-Pad8)"))
    (pad 2 thru_hole circle (at 2.5 2.5 270) (size 2.34 2.34) (drill 1.3) (layers *.Cu *.Mask)
      (net 8 "Net-(IC2-Pad1)"))
    (pad 3 thru_hole circle (at 0 5 270) (size 2.34 2.34) (drill 1.3) (layers *.Cu *.Mask)
      (net 17 "Net-(RV1-Pad3)"))
    (model ${KISYS3DMOD}/Potentiometer_THT.3dshapes/Potentiometer_ACP_CA9-H2,5_Horizontal.wrl
      (at (xyz 0 0 0))
      (scale (xyz 1 1 1))
      (rotate (xyz 0 0 0))
    )
    (model ${KISYS3DMOD}/Potentiometer_THT.3dshapes/Potentiometer_Bourns_3266W_Vertical.wrl
      (at (xyz 0 0 0))
      (scale (xyz 1 1 1))
      (rotate (xyz 0 0 -90))
    )
  )

  (module Capacitor_SMD:C_0805_2012Metric (layer F.Cu) (tedit 5B36C52B) (tstamp 5F1181AF)
    (at 100.711 87.3275 270)
    (descr "Capacitor SMD 0805 (2012 Metric), square (rectangular) end terminal, IPC_7351 nominal, (Body size source: https://docs.google.com/spreadsheets/d/1BsfQQcO9C6DZCsRaXUlFlo91Tg2WpOkGARC1WS5S8t0/edit?usp=sharing), generated with kicad-footprint-generator")
    (tags capacitor)
    (path /5EF98192)
    (attr smd)
    (fp_text reference C1 (at 0 -1.65 90) (layer F.SilkS)
      (effects (font (size 1 1) (thickness 0.15)))
    )
    (fp_text value 10n (at 0 1.65 90) (layer F.Fab)
      (effects (font (size 1 1) (thickness 0.15)))
    )
    (fp_line (start -1 0.6) (end -1 -0.6) (layer F.Fab) (width 0.1))
    (fp_line (start -1 -0.6) (end 1 -0.6) (layer F.Fab) (width 0.1))
    (fp_line (start 1 -0.6) (end 1 0.6) (layer F.Fab) (width 0.1))
    (fp_line (start 1 0.6) (end -1 0.6) (layer F.Fab) (width 0.1))
    (fp_line (start -0.258578 -0.71) (end 0.258578 -0.71) (layer F.SilkS) (width 0.12))
    (fp_line (start -0.258578 0.71) (end 0.258578 0.71) (layer F.SilkS) (width 0.12))
    (fp_line (start -1.68 0.95) (end -1.68 -0.95) (layer F.CrtYd) (width 0.05))
    (fp_line (start -1.68 -0.95) (end 1.68 -0.95) (layer F.CrtYd) (width 0.05))
    (fp_line (start 1.68 -0.95) (end 1.68 0.95) (layer F.CrtYd) (width 0.05))
    (fp_line (start 1.68 0.95) (end -1.68 0.95) (layer F.CrtYd) (width 0.05))
    (fp_text user %R (at 0 0 90) (layer F.Fab)
      (effects (font (size 0.5 0.5) (thickness 0.08)))
    )
    (pad 1 smd roundrect (at -0.9375 0 270) (size 0.975 1.4) (layers F.Cu F.Paste F.Mask) (roundrect_rratio 0.25)
      (net 1 "Net-(C1-Pad1)"))
    (pad 2 smd roundrect (at 0.9375 0 270) (size 0.975 1.4) (layers F.Cu F.Paste F.Mask) (roundrect_rratio 0.25)
      (net 2 Inv-))
    (model ${KISYS3DMOD}/Capacitor_SMD.3dshapes/C_0805_2012Metric.wrl
      (at (xyz 0 0 0))
      (scale (xyz 1 1 1))
      (rotate (xyz 0 0 0))
    )
  )

  (module Capacitor_SMD:C_0805_2012Metric (layer F.Cu) (tedit 5B36C52B) (tstamp 5EFD9239)
    (at 103.505 87.3275 270)
    (descr "Capacitor SMD 0805 (2012 Metric), square (rectangular) end terminal, IPC_7351 nominal, (Body size source: https://docs.google.com/spreadsheets/d/1BsfQQcO9C6DZCsRaXUlFlo91Tg2WpOkGARC1WS5S8t0/edit?usp=sharing), generated with kicad-footprint-generator")
    (tags capacitor)
    (path /5EF97ECA)
    (attr smd)
    (fp_text reference C2 (at 0 -1.65 90) (layer F.SilkS)
      (effects (font (size 1 1) (thickness 0.15)))
    )
    (fp_text value 1u (at 0 1.65 90) (layer F.Fab)
      (effects (font (size 1 1) (thickness 0.15)))
    )
    (fp_text user %R (at 0 0 90) (layer F.Fab)
      (effects (font (size 0.5 0.5) (thickness 0.08)))
    )
    (fp_line (start 1.68 0.95) (end -1.68 0.95) (layer F.CrtYd) (width 0.05))
    (fp_line (start 1.68 -0.95) (end 1.68 0.95) (layer F.CrtYd) (width 0.05))
    (fp_line (start -1.68 -0.95) (end 1.68 -0.95) (layer F.CrtYd) (width 0.05))
    (fp_line (start -1.68 0.95) (end -1.68 -0.95) (layer F.CrtYd) (width 0.05))
    (fp_line (start -0.258578 0.71) (end 0.258578 0.71) (layer F.SilkS) (width 0.12))
    (fp_line (start -0.258578 -0.71) (end 0.258578 -0.71) (layer F.SilkS) (width 0.12))
    (fp_line (start 1 0.6) (end -1 0.6) (layer F.Fab) (width 0.1))
    (fp_line (start 1 -0.6) (end 1 0.6) (layer F.Fab) (width 0.1))
    (fp_line (start -1 -0.6) (end 1 -0.6) (layer F.Fab) (width 0.1))
    (fp_line (start -1 0.6) (end -1 -0.6) (layer F.Fab) (width 0.1))
    (pad 2 smd roundrect (at 0.9375 0 270) (size 0.975 1.4) (layers F.Cu F.Paste F.Mask) (roundrect_rratio 0.25)
      (net 2 Inv-))
    (pad 1 smd roundrect (at -0.9375 0 270) (size 0.975 1.4) (layers F.Cu F.Paste F.Mask) (roundrect_rratio 0.25)
      (net 3 VDD1))
    (model ${KISYS3DMOD}/Capacitor_SMD.3dshapes/C_0805_2012Metric.wrl
      (at (xyz 0 0 0))
      (scale (xyz 1 1 1))
      (rotate (xyz 0 0 0))
    )
  )

  (module Capacitor_SMD:C_0805_2012Metric (layer F.Cu) (tedit 5B36C52B) (tstamp 5EFD924A)
    (at 105.537 87.3275 270)
    (descr "Capacitor SMD 0805 (2012 Metric), square (rectangular) end terminal, IPC_7351 nominal, (Body size source: https://docs.google.com/spreadsheets/d/1BsfQQcO9C6DZCsRaXUlFlo91Tg2WpOkGARC1WS5S8t0/edit?usp=sharing), generated with kicad-footprint-generator")
    (tags capacitor)
    (path /5EF95359)
    (attr smd)
    (fp_text reference C3 (at 0 -1.65 90) (layer F.SilkS)
      (effects (font (size 1 1) (thickness 0.15)))
    )
    (fp_text value 0.1u (at 0 1.65 90) (layer F.Fab)
      (effects (font (size 1 1) (thickness 0.15)))
    )
    (fp_line (start -1 0.6) (end -1 -0.6) (layer F.Fab) (width 0.1))
    (fp_line (start -1 -0.6) (end 1 -0.6) (layer F.Fab) (width 0.1))
    (fp_line (start 1 -0.6) (end 1 0.6) (layer F.Fab) (width 0.1))
    (fp_line (start 1 0.6) (end -1 0.6) (layer F.Fab) (width 0.1))
    (fp_line (start -0.258578 -0.71) (end 0.258578 -0.71) (layer F.SilkS) (width 0.12))
    (fp_line (start -0.258578 0.71) (end 0.258578 0.71) (layer F.SilkS) (width 0.12))
    (fp_line (start -1.68 0.95) (end -1.68 -0.95) (layer F.CrtYd) (width 0.05))
    (fp_line (start -1.68 -0.95) (end 1.68 -0.95) (layer F.CrtYd) (width 0.05))
    (fp_line (start 1.68 -0.95) (end 1.68 0.95) (layer F.CrtYd) (width 0.05))
    (fp_line (start 1.68 0.95) (end -1.68 0.95) (layer F.CrtYd) (width 0.05))
    (fp_text user %R (at 0 0 90) (layer F.Fab)
      (effects (font (size 0.5 0.5) (thickness 0.08)))
    )
    (pad 1 smd roundrect (at -0.9375 0 270) (size 0.975 1.4) (layers F.Cu F.Paste F.Mask) (roundrect_rratio 0.25)
      (net 3 VDD1))
    (pad 2 smd roundrect (at 0.9375 0 270) (size 0.975 1.4) (layers F.Cu F.Paste F.Mask) (roundrect_rratio 0.25)
      (net 2 Inv-))
    (model ${KISYS3DMOD}/Capacitor_SMD.3dshapes/C_0805_2012Metric.wrl
      (at (xyz 0 0 0))
      (scale (xyz 1 1 1))
      (rotate (xyz 0 0 0))
    )
  )

  (module Capacitor_SMD:C_0805_2012Metric (layer F.Cu) (tedit 5B36C52B) (tstamp 5EFD925B)
    (at 125.0165 77.343 180)
    (descr "Capacitor SMD 0805 (2012 Metric), square (rectangular) end terminal, IPC_7351 nominal, (Body size source: https://docs.google.com/spreadsheets/d/1BsfQQcO9C6DZCsRaXUlFlo91Tg2WpOkGARC1WS5S8t0/edit?usp=sharing), generated with kicad-footprint-generator")
    (tags capacitor)
    (path /5EFACF39)
    (attr smd)
    (fp_text reference C4 (at 0 -1.65) (layer F.SilkS)
      (effects (font (size 1 1) (thickness 0.15)))
    )
    (fp_text value 0.1u (at 0 1.65) (layer F.Fab)
      (effects (font (size 1 1) (thickness 0.15)))
    )
    (fp_line (start -1 0.6) (end -1 -0.6) (layer F.Fab) (width 0.1))
    (fp_line (start -1 -0.6) (end 1 -0.6) (layer F.Fab) (width 0.1))
    (fp_line (start 1 -0.6) (end 1 0.6) (layer F.Fab) (width 0.1))
    (fp_line (start 1 0.6) (end -1 0.6) (layer F.Fab) (width 0.1))
    (fp_line (start -0.258578 -0.71) (end 0.258578 -0.71) (layer F.SilkS) (width 0.12))
    (fp_line (start -0.258578 0.71) (end 0.258578 0.71) (layer F.SilkS) (width 0.12))
    (fp_line (start -1.68 0.95) (end -1.68 -0.95) (layer F.CrtYd) (width 0.05))
    (fp_line (start -1.68 -0.95) (end 1.68 -0.95) (layer F.CrtYd) (width 0.05))
    (fp_line (start 1.68 -0.95) (end 1.68 0.95) (layer F.CrtYd) (width 0.05))
    (fp_line (start 1.68 0.95) (end -1.68 0.95) (layer F.CrtYd) (width 0.05))
    (fp_text user %R (at 0 0) (layer F.Fab)
      (effects (font (size 0.5 0.5) (thickness 0.08)))
    )
    (pad 1 smd roundrect (at -0.9375 0 180) (size 0.975 1.4) (layers F.Cu F.Paste F.Mask) (roundrect_rratio 0.25)
      (net 4 +5V))
    (pad 2 smd roundrect (at 0.9375 0 180) (size 0.975 1.4) (layers F.Cu F.Paste F.Mask) (roundrect_rratio 0.25)
      (net 5 GND))
    (model ${KISYS3DMOD}/Capacitor_SMD.3dshapes/C_0805_2012Metric.wrl
      (at (xyz 0 0 0))
      (scale (xyz 1 1 1))
      (rotate (xyz 0 0 0))
    )
  )

  (module Capacitor_SMD:C_0805_2012Metric (layer F.Cu) (tedit 5B36C52B) (tstamp 5EFD926C)
    (at 104.8235 84.201 180)
    (descr "Capacitor SMD 0805 (2012 Metric), square (rectangular) end terminal, IPC_7351 nominal, (Body size source: https://docs.google.com/spreadsheets/d/1BsfQQcO9C6DZCsRaXUlFlo91Tg2WpOkGARC1WS5S8t0/edit?usp=sharing), generated with kicad-footprint-generator")
    (tags capacitor)
    (path /5EFADD60)
    (attr smd)
    (fp_text reference C5 (at 0 -1.65) (layer F.SilkS)
      (effects (font (size 1 1) (thickness 0.15)))
    )
    (fp_text value 0.1u (at 0 1.65) (layer F.Fab)
      (effects (font (size 1 1) (thickness 0.15)))
    )
    (fp_text user %R (at 0 0) (layer F.Fab)
      (effects (font (size 0.5 0.5) (thickness 0.08)))
    )
    (fp_line (start 1.68 0.95) (end -1.68 0.95) (layer F.CrtYd) (width 0.05))
    (fp_line (start 1.68 -0.95) (end 1.68 0.95) (layer F.CrtYd) (width 0.05))
    (fp_line (start -1.68 -0.95) (end 1.68 -0.95) (layer F.CrtYd) (width 0.05))
    (fp_line (start -1.68 0.95) (end -1.68 -0.95) (layer F.CrtYd) (width 0.05))
    (fp_line (start -0.258578 0.71) (end 0.258578 0.71) (layer F.SilkS) (width 0.12))
    (fp_line (start -0.258578 -0.71) (end 0.258578 -0.71) (layer F.SilkS) (width 0.12))
    (fp_line (start 1 0.6) (end -1 0.6) (layer F.Fab) (width 0.1))
    (fp_line (start 1 -0.6) (end 1 0.6) (layer F.Fab) (width 0.1))
    (fp_line (start -1 -0.6) (end 1 -0.6) (layer F.Fab) (width 0.1))
    (fp_line (start -1 0.6) (end -1 -0.6) (layer F.Fab) (width 0.1))
    (pad 2 smd roundrect (at 0.9375 0 180) (size 0.975 1.4) (layers F.Cu F.Paste F.Mask) (roundrect_rratio 0.25)
      (net 2 Inv-))
    (pad 1 smd roundrect (at -0.9375 0 180) (size 0.975 1.4) (layers F.Cu F.Paste F.Mask) (roundrect_rratio 0.25)
      (net 3 VDD1))
    (model ${KISYS3DMOD}/Capacitor_SMD.3dshapes/C_0805_2012Metric.wrl
      (at (xyz 0 0 0))
      (scale (xyz 1 1 1))
      (rotate (xyz 0 0 0))
    )
  )

  (module Capacitor_SMD:C_0805_2012Metric (layer F.Cu) (tedit 5B36C52B) (tstamp 5F11801A)
    (at 122.047 87.7085 270)
    (descr "Capacitor SMD 0805 (2012 Metric), square (rectangular) end terminal, IPC_7351 nominal, (Body size source: https://docs.google.com/spreadsheets/d/1BsfQQcO9C6DZCsRaXUlFlo91Tg2WpOkGARC1WS5S8t0/edit?usp=sharing), generated with kicad-footprint-generator")
    (tags capacitor)
    (path /5EF9BFC7)
    (attr smd)
    (fp_text reference C6 (at 0 -1.65 90) (layer F.SilkS)
      (effects (font (size 1 1) (thickness 0.15)))
    )
    (fp_text value 0.1u (at 0 1.65 90) (layer F.Fab)
      (effects (font (size 1 1) (thickness 0.15)))
    )
    (fp_text user %R (at 0 0 90) (layer F.Fab)
      (effects (font (size 0.5 0.5) (thickness 0.08)))
    )
    (fp_line (start 1.68 0.95) (end -1.68 0.95) (layer F.CrtYd) (width 0.05))
    (fp_line (start 1.68 -0.95) (end 1.68 0.95) (layer F.CrtYd) (width 0.05))
    (fp_line (start -1.68 -0.95) (end 1.68 -0.95) (layer F.CrtYd) (width 0.05))
    (fp_line (start -1.68 0.95) (end -1.68 -0.95) (layer F.CrtYd) (width 0.05))
    (fp_line (start -0.258578 0.71) (end 0.258578 0.71) (layer F.SilkS) (width 0.12))
    (fp_line (start -0.258578 -0.71) (end 0.258578 -0.71) (layer F.SilkS) (width 0.12))
    (fp_line (start 1 0.6) (end -1 0.6) (layer F.Fab) (width 0.1))
    (fp_line (start 1 -0.6) (end 1 0.6) (layer F.Fab) (width 0.1))
    (fp_line (start -1 -0.6) (end 1 -0.6) (layer F.Fab) (width 0.1))
    (fp_line (start -1 0.6) (end -1 -0.6) (layer F.Fab) (width 0.1))
    (pad 2 smd roundrect (at 0.9375 0 270) (size 0.975 1.4) (layers F.Cu F.Paste F.Mask) (roundrect_rratio 0.25)
      (net 5 GND))
    (pad 1 smd roundrect (at -0.9375 0 270) (size 0.975 1.4) (layers F.Cu F.Paste F.Mask) (roundrect_rratio 0.25)
      (net 4 +5V))
    (model ${KISYS3DMOD}/Capacitor_SMD.3dshapes/C_0805_2012Metric.wrl
      (at (xyz 0 0 0))
      (scale (xyz 1 1 1))
      (rotate (xyz 0 0 0))
    )
  )

  (module Capacitor_SMD:C_0805_2012Metric (layer F.Cu) (tedit 5B36C52B) (tstamp 5F1179F4)
    (at 124.079 87.7085 270)
    (descr "Capacitor SMD 0805 (2012 Metric), square (rectangular) end terminal, IPC_7351 nominal, (Body size source: https://docs.google.com/spreadsheets/d/1BsfQQcO9C6DZCsRaXUlFlo91Tg2WpOkGARC1WS5S8t0/edit?usp=sharing), generated with kicad-footprint-generator")
    (tags capacitor)
    (path /5EF9BA2E)
    (attr smd)
    (fp_text reference C7 (at 0 -1.65 90) (layer F.SilkS)
      (effects (font (size 1 1) (thickness 0.15)))
    )
    (fp_text value 1u (at 0 1.65 90) (layer F.Fab)
      (effects (font (size 1 1) (thickness 0.15)))
    )
    (fp_line (start -1 0.6) (end -1 -0.6) (layer F.Fab) (width 0.1))
    (fp_line (start -1 -0.6) (end 1 -0.6) (layer F.Fab) (width 0.1))
    (fp_line (start 1 -0.6) (end 1 0.6) (layer F.Fab) (width 0.1))
    (fp_line (start 1 0.6) (end -1 0.6) (layer F.Fab) (width 0.1))
    (fp_line (start -0.258578 -0.71) (end 0.258578 -0.71) (layer F.SilkS) (width 0.12))
    (fp_line (start -0.258578 0.71) (end 0.258578 0.71) (layer F.SilkS) (width 0.12))
    (fp_line (start -1.68 0.95) (end -1.68 -0.95) (layer F.CrtYd) (width 0.05))
    (fp_line (start -1.68 -0.95) (end 1.68 -0.95) (layer F.CrtYd) (width 0.05))
    (fp_line (start 1.68 -0.95) (end 1.68 0.95) (layer F.CrtYd) (width 0.05))
    (fp_line (start 1.68 0.95) (end -1.68 0.95) (layer F.CrtYd) (width 0.05))
    (fp_text user %R (at 0 0 90) (layer F.Fab)
      (effects (font (size 0.5 0.5) (thickness 0.08)))
    )
    (pad 1 smd roundrect (at -0.9375 0 270) (size 0.975 1.4) (layers F.Cu F.Paste F.Mask) (roundrect_rratio 0.25)
      (net 4 +5V))
    (pad 2 smd roundrect (at 0.9375 0 270) (size 0.975 1.4) (layers F.Cu F.Paste F.Mask) (roundrect_rratio 0.25)
      (net 5 GND))
    (model ${KISYS3DMOD}/Capacitor_SMD.3dshapes/C_0805_2012Metric.wrl
      (at (xyz 0 0 0))
      (scale (xyz 1 1 1))
      (rotate (xyz 0 0 0))
    )
  )

  (module Diode_SMD:D_0805_2012Metric (layer F.Cu) (tedit 5B36C52B) (tstamp 5EFD92A1)
    (at 118.6965 81.915 180)
    (descr "Diode SMD 0805 (2012 Metric), square (rectangular) end terminal, IPC_7351 nominal, (Body size source: https://docs.google.com/spreadsheets/d/1BsfQQcO9C6DZCsRaXUlFlo91Tg2WpOkGARC1WS5S8t0/edit?usp=sharing), generated with kicad-footprint-generator")
    (tags diode)
    (path /5EFAE4AB)
    (attr smd)
    (fp_text reference D1 (at 0 -1.65) (layer F.SilkS)
      (effects (font (size 1 1) (thickness 0.15)))
    )
    (fp_text value DIODE (at 0 1.65) (layer F.Fab)
      (effects (font (size 1 1) (thickness 0.15)))
    )
    (fp_line (start 1 -0.6) (end -0.7 -0.6) (layer F.Fab) (width 0.1))
    (fp_line (start -0.7 -0.6) (end -1 -0.3) (layer F.Fab) (width 0.1))
    (fp_line (start -1 -0.3) (end -1 0.6) (layer F.Fab) (width 0.1))
    (fp_line (start -1 0.6) (end 1 0.6) (layer F.Fab) (width 0.1))
    (fp_line (start 1 0.6) (end 1 -0.6) (layer F.Fab) (width 0.1))
    (fp_line (start 1 -0.96) (end -1.685 -0.96) (layer F.SilkS) (width 0.12))
    (fp_line (start -1.685 -0.96) (end -1.685 0.96) (layer F.SilkS) (width 0.12))
    (fp_line (start -1.685 0.96) (end 1 0.96) (layer F.SilkS) (width 0.12))
    (fp_line (start -1.68 0.95) (end -1.68 -0.95) (layer F.CrtYd) (width 0.05))
    (fp_line (start -1.68 -0.95) (end 1.68 -0.95) (layer F.CrtYd) (width 0.05))
    (fp_line (start 1.68 -0.95) (end 1.68 0.95) (layer F.CrtYd) (width 0.05))
    (fp_line (start 1.68 0.95) (end -1.68 0.95) (layer F.CrtYd) (width 0.05))
    (fp_text user %R (at 0 0) (layer F.Fab)
      (effects (font (size 0.5 0.5) (thickness 0.08)))
    )
    (pad 1 smd roundrect (at -0.9375 0 180) (size 0.975 1.4) (layers F.Cu F.Paste F.Mask) (roundrect_rratio 0.25)
      (net 5 GND))
    (pad 2 smd roundrect (at 0.9375 0 180) (size 0.975 1.4) (layers F.Cu F.Paste F.Mask) (roundrect_rratio 0.25)
      (net 4 +5V))
    (model ${KISYS3DMOD}/Diode_SMD.3dshapes/D_0805_2012Metric.wrl
      (at (xyz 0 0 0))
      (scale (xyz 1 1 1))
      (rotate (xyz 0 0 0))
    )
  )

  (module Diode_SMD:D_0805_2012Metric (layer F.Cu) (tedit 5B36C52B) (tstamp 5EFD92B4)
    (at 104.8235 82.042)
    (descr "Diode SMD 0805 (2012 Metric), square (rectangular) end terminal, IPC_7351 nominal, (Body size source: https://docs.google.com/spreadsheets/d/1BsfQQcO9C6DZCsRaXUlFlo91Tg2WpOkGARC1WS5S8t0/edit?usp=sharing), generated with kicad-footprint-generator")
    (tags diode)
    (path /5EFAE719)
    (attr smd)
    (fp_text reference D2 (at 0 -1.65) (layer F.SilkS)
      (effects (font (size 1 1) (thickness 0.15)))
    )
    (fp_text value DIODE (at 0 1.65) (layer F.Fab)
      (effects (font (size 1 1) (thickness 0.15)))
    )
    (fp_text user %R (at 0 0) (layer F.Fab)
      (effects (font (size 0.5 0.5) (thickness 0.08)))
    )
    (fp_line (start 1.68 0.95) (end -1.68 0.95) (layer F.CrtYd) (width 0.05))
    (fp_line (start 1.68 -0.95) (end 1.68 0.95) (layer F.CrtYd) (width 0.05))
    (fp_line (start -1.68 -0.95) (end 1.68 -0.95) (layer F.CrtYd) (width 0.05))
    (fp_line (start -1.68 0.95) (end -1.68 -0.95) (layer F.CrtYd) (width 0.05))
    (fp_line (start -1.685 0.96) (end 1 0.96) (layer F.SilkS) (width 0.12))
    (fp_line (start -1.685 -0.96) (end -1.685 0.96) (layer F.SilkS) (width 0.12))
    (fp_line (start 1 -0.96) (end -1.685 -0.96) (layer F.SilkS) (width 0.12))
    (fp_line (start 1 0.6) (end 1 -0.6) (layer F.Fab) (width 0.1))
    (fp_line (start -1 0.6) (end 1 0.6) (layer F.Fab) (width 0.1))
    (fp_line (start -1 -0.3) (end -1 0.6) (layer F.Fab) (width 0.1))
    (fp_line (start -0.7 -0.6) (end -1 -0.3) (layer F.Fab) (width 0.1))
    (fp_line (start 1 -0.6) (end -0.7 -0.6) (layer F.Fab) (width 0.1))
    (pad 2 smd roundrect (at 0.9375 0) (size 0.975 1.4) (layers F.Cu F.Paste F.Mask) (roundrect_rratio 0.25)
      (net 3 VDD1))
    (pad 1 smd roundrect (at -0.9375 0) (size 0.975 1.4) (layers F.Cu F.Paste F.Mask) (roundrect_rratio 0.25)
      (net 2 Inv-))
    (model ${KISYS3DMOD}/Diode_SMD.3dshapes/D_0805_2012Metric.wrl
      (at (xyz 0 0 0))
      (scale (xyz 1 1 1))
      (rotate (xyz 0 0 0))
    )
  )

  (module AMC1211AQDWVRQ1:SOIC127P1150X280-8N (layer F.Cu) (tedit 5EA12D65) (tstamp 5EFD92CE)
    (at 113.919 86.36)
    (descr AMC1211AQDWVRQ1-1)
    (tags "Integrated Circuit")
    (path /5EF91E69)
    (attr smd)
    (fp_text reference IC1 (at 0 0) (layer F.SilkS)
      (effects (font (size 1.27 1.27) (thickness 0.254)))
    )
    (fp_text value AMC1211AQDWVRQ1 (at 0 0) (layer F.SilkS) hide
      (effects (font (size 1.27 1.27) (thickness 0.254)))
    )
    (fp_line (start -6.5 -3.225) (end 6.5 -3.225) (layer Dwgs.User) (width 0.05))
    (fp_line (start 6.5 -3.225) (end 6.5 3.225) (layer Dwgs.User) (width 0.05))
    (fp_line (start 6.5 3.225) (end -6.5 3.225) (layer Dwgs.User) (width 0.05))
    (fp_line (start -6.5 3.225) (end -6.5 -3.225) (layer Dwgs.User) (width 0.05))
    (fp_line (start -3.75 -2.925) (end 3.75 -2.925) (layer Dwgs.User) (width 0.1))
    (fp_line (start 3.75 -2.925) (end 3.75 2.925) (layer Dwgs.User) (width 0.1))
    (fp_line (start 3.75 2.925) (end -3.75 2.925) (layer Dwgs.User) (width 0.1))
    (fp_line (start -3.75 2.925) (end -3.75 -2.925) (layer Dwgs.User) (width 0.1))
    (fp_line (start -3.75 -1.655) (end -2.48 -2.925) (layer Dwgs.User) (width 0.1))
    (fp_line (start -4.05 -2.925) (end 4.05 -2.925) (layer F.SilkS) (width 0.2))
    (fp_line (start 4.05 -2.925) (end 4.05 2.925) (layer F.SilkS) (width 0.2))
    (fp_line (start 4.05 2.925) (end -4.05 2.925) (layer F.SilkS) (width 0.2))
    (fp_line (start -4.05 2.925) (end -4.05 -2.925) (layer F.SilkS) (width 0.2))
    (fp_line (start -6.25 -2.58) (end -4.4 -2.58) (layer F.SilkS) (width 0.2))
    (pad 1 smd rect (at -5.325 -1.905 90) (size 0.65 1.85) (layers F.Cu F.Paste F.Mask)
      (net 3 VDD1))
    (pad 2 smd rect (at -5.325 -0.635 90) (size 0.65 1.85) (layers F.Cu F.Paste F.Mask)
      (net 1 "Net-(C1-Pad1)"))
    (pad 3 smd rect (at -5.325 0.635 90) (size 0.65 1.85) (layers F.Cu F.Paste F.Mask)
      (net 2 Inv-))
    (pad 4 smd rect (at -5.325 1.905 90) (size 0.65 1.85) (layers F.Cu F.Paste F.Mask)
      (net 2 Inv-))
    (pad 5 smd rect (at 5.325 1.905 90) (size 0.65 1.85) (layers F.Cu F.Paste F.Mask)
      (net 5 GND))
    (pad 6 smd rect (at 5.325 0.635 90) (size 0.65 1.85) (layers F.Cu F.Paste F.Mask)
      (net 6 "Net-(IC1-Pad6)"))
    (pad 7 smd rect (at 5.325 -0.635 90) (size 0.65 1.85) (layers F.Cu F.Paste F.Mask)
      (net 7 "Net-(IC1-Pad7)"))
    (pad 8 smd rect (at 5.325 -1.905 90) (size 0.65 1.85) (layers F.Cu F.Paste F.Mask)
      (net 4 +5V))
    (model ${KISYS3DMOD}/Package_SO.3dshapes/SSO-8_6.8x5.9mm_P1.27mm_Clearance8mm.wrl
      (at (xyz 0 0 0))
      (scale (xyz 1 1 1))
      (rotate (xyz 0 0 0))
    )
  )

  (module INA114AP:DIP794W53P254L959H508Q8N (layer F.Cu) (tedit 5EA132FE) (tstamp 5EFDA141)
    (at 130.937 84.455)
    (descr "P (R-PDIP-T8)")
    (tags "Integrated Circuit")
    (path /5EF92F38)
    (fp_text reference IC2 (at 0 0) (layer F.SilkS)
      (effects (font (size 1.27 1.27) (thickness 0.254)))
    )
    (fp_text value INA114AP (at 0 0) (layer F.SilkS) hide
      (effects (font (size 1.27 1.27) (thickness 0.254)))
    )
    (fp_line (start -4.945 -5.33) (end 4.945 -5.33) (layer Dwgs.User) (width 0.05))
    (fp_line (start 4.945 -5.33) (end 4.945 5.33) (layer Dwgs.User) (width 0.05))
    (fp_line (start 4.945 5.33) (end -4.945 5.33) (layer Dwgs.User) (width 0.05))
    (fp_line (start -4.945 5.33) (end -4.945 -5.33) (layer Dwgs.User) (width 0.05))
    (fp_line (start -3.3 -5.08) (end 3.3 -5.08) (layer Dwgs.User) (width 0.1))
    (fp_line (start 3.3 -5.08) (end 3.3 5.08) (layer Dwgs.User) (width 0.1))
    (fp_line (start 3.3 5.08) (end -3.3 5.08) (layer Dwgs.User) (width 0.1))
    (fp_line (start -3.3 5.08) (end -3.3 -5.08) (layer Dwgs.User) (width 0.1))
    (fp_line (start -3.3 -3.81) (end -2.03 -5.08) (layer Dwgs.User) (width 0.1))
    (fp_line (start -4.535 -5.08) (end 3.3 -5.08) (layer F.SilkS) (width 0.2))
    (fp_line (start -3.3 5.08) (end 3.3 5.08) (layer F.SilkS) (width 0.2))
    (pad 1 thru_hole rect (at -3.97 -3.81 90) (size 1.13 1.13) (drill 0.73) (layers *.Cu *.Mask F.SilkS)
      (net 8 "Net-(IC2-Pad1)"))
    (pad 2 thru_hole circle (at -3.97 -1.27 90) (size 1.13 1.13) (drill 0.73) (layers *.Cu *.Mask F.SilkS)
      (net 6 "Net-(IC1-Pad6)"))
    (pad 3 thru_hole circle (at -3.97 1.27 90) (size 1.13 1.13) (drill 0.73) (layers *.Cu *.Mask F.SilkS)
      (net 7 "Net-(IC1-Pad7)"))
    (pad 4 thru_hole circle (at -3.97 3.81 90) (size 1.13 1.13) (drill 0.73) (layers *.Cu *.Mask F.SilkS)
      (net 5 GND))
    (pad 5 thru_hole circle (at 3.97 3.81 90) (size 1.13 1.13) (drill 0.73) (layers *.Cu *.Mask F.SilkS)
      (net 5 GND))
    (pad 6 thru_hole circle (at 3.97 1.27 90) (size 1.13 1.13) (drill 0.73) (layers *.Cu *.Mask F.SilkS)
      (net 9 HV_Sens))
    (pad 7 thru_hole circle (at 3.97 -1.27 90) (size 1.13 1.13) (drill 0.73) (layers *.Cu *.Mask F.SilkS)
      (net 4 +5V))
    (pad 8 thru_hole circle (at 3.97 -3.81 90) (size 1.13 1.13) (drill 0.73) (layers *.Cu *.Mask F.SilkS)
      (net 10 "Net-(IC2-Pad8)"))
    (model ${KISYS3DMOD}/Package_DIP.3dshapes/DIP-8_W7.62mm_Socket.step
      (offset (xyz -3.8 3.8 0))
      (scale (xyz 1 1 1))
      (rotate (xyz 0 0 0))
    )
  )

  (module Connector_Pin:Pin_D1.0mm_L10.0mm (layer B.Cu) (tedit 5F021447) (tstamp 5EFD92EF)
    (at 94.615 71.501)
    (descr "solder Pin_ diameter 1.0mm, hole diameter 1.0mm (press fit), length 10.0mm")
    (tags "solder Pin_ press fit")
    (path /5EFC0440)
    (fp_text reference J1 (at 0 -2.25) (layer B.SilkS)
      (effects (font (size 1 1) (thickness 0.15)) (justify mirror))
    )
    (fp_text value Conn_01x01 (at 0 2.05) (layer B.Fab)
      (effects (font (size 1 1) (thickness 0.15)) (justify mirror))
    )
    (fp_text user %R (at 0 -2.25) (layer B.Fab)
      (effects (font (size 1 1) (thickness 0.15)) (justify mirror))
    )
    (fp_circle (center 0 0) (end 1.5 0) (layer B.CrtYd) (width 0.05))
    (fp_circle (center 0 0) (end 0.5 0) (layer B.Fab) (width 0.12))
    (fp_circle (center 0 0) (end 1 0) (layer B.Fab) (width 0.12))
    (fp_circle (center 0 0) (end 1.25 -0.05) (layer B.SilkS) (width 0.12))
    (pad 1 thru_hole circle (at 0 0) (size 2 2) (drill 1) (layers *.Cu *.Mask)
      (net 11 Inv+))
    (model ${KISYS3DMOD}/Connector_Pin.3dshapes/Pin_D1.0mm_L10.0mm.wrl
      (at (xyz 0 0 0))
      (scale (xyz 1 1 1))
      (rotate (xyz 0 0 0))
    )
  )

  (module Connector_Pin:Pin_D1.0mm_L10.0mm (layer B.Cu) (tedit 5A1DC084) (tstamp 5EFD92F9)
    (at 94.615 88.773)
    (descr "solder Pin_ diameter 1.0mm, hole diameter 1.0mm (press fit), length 10.0mm")
    (tags "solder Pin_ press fit")
    (path /5EFC15E2)
    (fp_text reference J2 (at 0 -2.25) (layer B.SilkS)
      (effects (font (size 1 1) (thickness 0.15)) (justify mirror))
    )
    (fp_text value Conn_01x01 (at 0 2.05) (layer B.Fab)
      (effects (font (size 1 1) (thickness 0.15)) (justify mirror))
    )
    (fp_circle (center 0 0) (end 1.25 -0.05) (layer B.SilkS) (width 0.12))
    (fp_circle (center 0 0) (end 1 0) (layer B.Fab) (width 0.12))
    (fp_circle (center 0 0) (end 0.5 0) (layer B.Fab) (width 0.12))
    (fp_circle (center 0 0) (end 1.5 0) (layer B.CrtYd) (width 0.05))
    (fp_text user %R (at 0 -2.25) (layer B.Fab)
      (effects (font (size 1 1) (thickness 0.15)) (justify mirror))
    )
    (pad 1 thru_hole circle (at 0 0) (size 2 2) (drill 1) (layers *.Cu *.Mask)
      (net 2 Inv-))
    (model ${KISYS3DMOD}/Connector_Pin.3dshapes/Pin_D1.0mm_L10.0mm.wrl
      (at (xyz 0 0 0))
      (scale (xyz 1 1 1))
      (rotate (xyz 0 0 0))
    )
  )

  (module Connector_Molex:Molex_Micro-Fit_3.0_43650-0400_1x04_P3.00mm_Horizontal (layer F.Cu) (tedit 5B79A392) (tstamp 5EFDA6D7)
    (at 139.192 77.47 270)
    (descr "Molex Micro-Fit 3.0 Connector System, 43650-0400 (compatible alternatives: 43650-0401, 43650-0402), 4 Pins per row (https://www.molex.com/pdm_docs/sd/436500300_sd.pdf), generated with kicad-footprint-generator")
    (tags "connector Molex Micro-Fit_3.0 top entry")
    (path /5EF8E5EA)
    (fp_text reference J3 (at 4.5 -10.12 90) (layer F.SilkS)
      (effects (font (size 1 1) (thickness 0.15)))
    )
    (fp_text value Conn_01x04 (at 4.5 3.22 90) (layer F.Fab)
      (effects (font (size 1 1) (thickness 0.15)))
    )
    (fp_line (start -3.325 0.98) (end -3.325 -7.92) (layer F.Fab) (width 0.1))
    (fp_line (start -3.325 -7.92) (end -2.325 -8.92) (layer F.Fab) (width 0.1))
    (fp_line (start -2.325 -8.92) (end 11.325 -8.92) (layer F.Fab) (width 0.1))
    (fp_line (start 11.325 -8.92) (end 12.325 -7.92) (layer F.Fab) (width 0.1))
    (fp_line (start 12.325 -7.92) (end 12.325 0.98) (layer F.Fab) (width 0.1))
    (fp_line (start 12.325 0.98) (end -3.325 0.98) (layer F.Fab) (width 0.1))
    (fp_line (start -0.75 0.98) (end 0 0) (layer F.Fab) (width 0.1))
    (fp_line (start 0 0) (end 0.75 0.98) (layer F.Fab) (width 0.1))
    (fp_line (start -3.435 1.09) (end -3.435 -8.03) (layer F.SilkS) (width 0.12))
    (fp_line (start -3.435 -8.03) (end -2.435 -9.03) (layer F.SilkS) (width 0.12))
    (fp_line (start -2.435 -9.03) (end 11.435 -9.03) (layer F.SilkS) (width 0.12))
    (fp_line (start 11.435 -9.03) (end 12.435 -8.03) (layer F.SilkS) (width 0.12))
    (fp_line (start 12.435 -8.03) (end 12.435 1.09) (layer F.SilkS) (width 0.12))
    (fp_line (start -3.435 1.09) (end -1.01 1.09) (layer F.SilkS) (width 0.12))
    (fp_line (start 12.435 1.09) (end 9.651767 1.09) (layer F.SilkS) (width 0.12))
    (fp_line (start 1.01 1.09) (end 2.348233 1.09) (layer F.SilkS) (width 0.12))
    (fp_line (start 3.651767 1.09) (end 5.348233 1.09) (layer F.SilkS) (width 0.12))
    (fp_line (start 6.651767 1.09) (end 8.348233 1.09) (layer F.SilkS) (width 0.12))
    (fp_line (start -3.82 1.48) (end -3.82 -9.42) (layer F.CrtYd) (width 0.05))
    (fp_line (start -3.82 -9.42) (end 12.82 -9.42) (layer F.CrtYd) (width 0.05))
    (fp_line (start 12.82 -9.42) (end 12.82 1.48) (layer F.CrtYd) (width 0.05))
    (fp_line (start 12.82 1.48) (end -3.82 1.48) (layer F.CrtYd) (width 0.05))
    (fp_text user %R (at 4.5 -8.22 90) (layer F.Fab)
      (effects (font (size 1 1) (thickness 0.15)))
    )
    (pad "" np_thru_hole circle (at 2.15 -4.32 270) (size 3 3) (drill 3) (layers *.Cu *.Mask))
    (pad "" np_thru_hole circle (at 6.85 -4.32 270) (size 3 3) (drill 3) (layers *.Cu *.Mask))
    (pad 1 thru_hole roundrect (at 0 0 270) (size 1.5 2.02) (drill 1.02) (layers *.Cu *.Mask) (roundrect_rratio 0.166667)
      (net 4 +5V))
    (pad 2 thru_hole oval (at 3 0 270) (size 1.5 2.02) (drill 1.02) (layers *.Cu *.Mask)
      (net 12 High_C_Meas))
    (pad 3 thru_hole oval (at 6 0 270) (size 1.5 2.02) (drill 1.02) (layers *.Cu *.Mask)
      (net 5 GND))
    (pad 4 thru_hole oval (at 9 0 270) (size 1.5 2.02) (drill 1.02) (layers *.Cu *.Mask)
      (net 13 Low_C_Meas))
    (model ${KISYS3DMOD}/Connector_Molex.3dshapes/Molex_Micro-Fit_3.0_43650-0400_1x04_P3.00mm_Horizontal.wrl
      (at (xyz 0 0 0))
      (scale (xyz 1 1 1))
      (rotate (xyz 0 0 0))
    )
    (model ${KISYS3DMOD}/Molex_Micro-fit_Jr.3dshapes/436500400.stp
      (offset (xyz 4.5 4 2.5))
      (scale (xyz 1 1 1))
      (rotate (xyz -90 0 180))
    )
  )

  (module Connector_PinHeader_2.54mm:PinHeader_1x05_P2.54mm_Vertical (layer B.Cu) (tedit 59FED5CC) (tstamp 5EFDA2B2)
    (at 136.652 71.501 270)
    (descr "Through hole straight pin header, 1x05, 2.54mm pitch, single row")
    (tags "Through hole pin header THT 1x05 2.54mm single row")
    (path /5EF961A1)
    (fp_text reference J4 (at 0 2.33 270) (layer B.SilkS)
      (effects (font (size 1 1) (thickness 0.15)) (justify mirror))
    )
    (fp_text value Conn_01x05 (at 0 -12.49 270) (layer B.Fab)
      (effects (font (size 1 1) (thickness 0.15)) (justify mirror))
    )
    (fp_text user %R (at 0 -5.08) (layer B.Fab)
      (effects (font (size 1 1) (thickness 0.15)) (justify mirror))
    )
    (fp_line (start 1.8 1.8) (end -1.8 1.8) (layer B.CrtYd) (width 0.05))
    (fp_line (start 1.8 -11.95) (end 1.8 1.8) (layer B.CrtYd) (width 0.05))
    (fp_line (start -1.8 -11.95) (end 1.8 -11.95) (layer B.CrtYd) (width 0.05))
    (fp_line (start -1.8 1.8) (end -1.8 -11.95) (layer B.CrtYd) (width 0.05))
    (fp_line (start -1.33 1.33) (end 0 1.33) (layer B.SilkS) (width 0.12))
    (fp_line (start -1.33 0) (end -1.33 1.33) (layer B.SilkS) (width 0.12))
    (fp_line (start -1.33 -1.27) (end 1.33 -1.27) (layer B.SilkS) (width 0.12))
    (fp_line (start 1.33 -1.27) (end 1.33 -11.49) (layer B.SilkS) (width 0.12))
    (fp_line (start -1.33 -1.27) (end -1.33 -11.49) (layer B.SilkS) (width 0.12))
    (fp_line (start -1.33 -11.49) (end 1.33 -11.49) (layer B.SilkS) (width 0.12))
    (fp_line (start -1.27 0.635) (end -0.635 1.27) (layer B.Fab) (width 0.1))
    (fp_line (start -1.27 -11.43) (end -1.27 0.635) (layer B.Fab) (width 0.1))
    (fp_line (start 1.27 -11.43) (end -1.27 -11.43) (layer B.Fab) (width 0.1))
    (fp_line (start 1.27 1.27) (end 1.27 -11.43) (layer B.Fab) (width 0.1))
    (fp_line (start -0.635 1.27) (end 1.27 1.27) (layer B.Fab) (width 0.1))
    (pad 5 thru_hole oval (at 0 -10.16 270) (size 1.7 1.7) (drill 1) (layers *.Cu *.Mask)
      (net 5 GND))
    (pad 4 thru_hole oval (at 0 -7.62 270) (size 1.7 1.7) (drill 1) (layers *.Cu *.Mask)
      (net 13 Low_C_Meas))
    (pad 3 thru_hole oval (at 0 -5.08 270) (size 1.7 1.7) (drill 1) (layers *.Cu *.Mask)
      (net 12 High_C_Meas))
    (pad 2 thru_hole oval (at 0 -2.54 270) (size 1.7 1.7) (drill 1) (layers *.Cu *.Mask)
      (net 9 HV_Sens))
    (pad 1 thru_hole rect (at 0 0 270) (size 1.7 1.7) (drill 1) (layers *.Cu *.Mask)
      (net 4 +5V))
    (model ${KISYS3DMOD}/Connector_PinHeader_2.54mm.3dshapes/PinHeader_1x05_P2.54mm_Vertical.wrl
      (at (xyz 0 0 0))
      (scale (xyz 1 1 1))
      (rotate (xyz 0 0 0))
    )
  )

  (module Converter_DCDC:Converter_DCDC_XP_POWER-ITXxxxxSA_THT (layer F.Cu) (tedit 5C43336C) (tstamp 5EFD9E73)
    (at 120.523 76.327 270)
    (descr "XP_POWER  ITXxxxxSA, SIP, (https://www.xppower.com/pdfs/SF_ITX.pdf), generated with kicad-footprint-generator")
    (tags "XP_POWER  ITXxxxxSA SIP DCDC-Converter")
    (path /5EFA9171)
    (fp_text reference PS1 (at -1.4 -3.24 90) (layer F.SilkS)
      (effects (font (size 1 1) (thickness 0.15)))
    )
    (fp_text value ITX0505SA (at -1.4 21.02 90) (layer F.Fab)
      (effects (font (size 1 1) (thickness 0.15)))
    )
    (fp_line (start -6.11 -2.145) (end -6.11 19.925) (layer F.SilkS) (width 0.12))
    (fp_line (start -6.11 19.925) (end 3.31 19.925) (layer F.SilkS) (width 0.12))
    (fp_line (start 3.31 19.925) (end 3.31 -2.145) (layer F.SilkS) (width 0.12))
    (fp_line (start 3.31 -2.145) (end -6.11 -2.145) (layer F.SilkS) (width 0.12))
    (fp_line (start -5.16 -2.445) (end -6.41 -2.445) (layer F.SilkS) (width 0.12))
    (fp_line (start -6.41 -2.445) (end -6.41 -1.195) (layer F.SilkS) (width 0.12))
    (fp_line (start -5.16 -2.445) (end -6.41 -2.445) (layer F.Fab) (width 0.1))
    (fp_line (start -6.41 -2.445) (end -6.41 -1.195) (layer F.Fab) (width 0.1))
    (fp_line (start -6 -2.035) (end -6 19.815) (layer F.Fab) (width 0.1))
    (fp_line (start -6 19.815) (end 3.2 19.815) (layer F.Fab) (width 0.1))
    (fp_line (start 3.2 19.815) (end 3.2 -2.035) (layer F.Fab) (width 0.1))
    (fp_line (start 3.2 -2.035) (end -6 -2.035) (layer F.Fab) (width 0.1))
    (fp_line (start -6.5 -2.54) (end -6.5 20.32) (layer F.CrtYd) (width 0.05))
    (fp_line (start -6.5 20.32) (end 3.7 20.32) (layer F.CrtYd) (width 0.05))
    (fp_line (start 3.7 20.32) (end 3.7 -2.54) (layer F.CrtYd) (width 0.05))
    (fp_line (start 3.7 -2.54) (end -6.5 -2.54) (layer F.CrtYd) (width 0.05))
    (fp_text user %R (at -1.4 1.5 90) (layer F.Fab)
      (effects (font (size 1 1) (thickness 0.15)))
    )
    (pad 1 thru_hole rect (at 0 0 270) (size 1.85 1.85) (drill 0.85) (layers *.Cu *.Mask)
      (net 5 GND))
    (pad 2 thru_hole circle (at 0 2.54 270) (size 1.85 1.85) (drill 0.85) (layers *.Cu *.Mask)
      (net 4 +5V))
